1 25 9
50 200 0 0 10 0 100 150 
0
11
809 130.869 0 -1 3.00577 0 128 128 1 0 0 
855 136.236 0 -1 4.90558 0 128 128 5 0 0 
707 -107.29 0 -1 7.73168 0 128 128 4 0 0 
684 241.327 0 -1 5.03867 0 128 128 1 0 0 
526 332.767 0 -1 4.66546 0 128 128 6 0 0 
980 398.081 0 -1 4.53407 0 128 128 4 0 0 
530 280.013 0 -1 7.58599 0 128 128 2 0 0 
518 273.893 0 -1 9.91348 0 128 128 1 0 0 
804 573.905 0 -1 4.56548 0 128 128 3 0 0 
1096 639.243 0 -1 4.25037 0 128 128 1 0 0 
876 685.205 0 -1 5.79919 0 128 128 3 0 0 
3
649 542 -1 1 1.5 0 100 100 0 1 0 
1183 673 -1 -1 1.5 0 100 100 0 1 0 
390 570 -1 1 1.5 0 100 100 0 1 0 
1
662 453 0 1 1.5 0 80 30 0 0 1 
