1 70 11
50 0 0 0 10 0 100 150 
0
10
638 138.519 0 -1 4.24439 0 128 128 1 
1049 -69.1472 0 -1 6.63149 0 128 128 3 
595 -2.84256 0 -1 6.81927 0 128 128 6 
729 191.224 0 -1 6.6097 0 128 128 4 
628 116.012 0 -1 9.01474 0 128 128 6 
984 293.214 0 -1 7.90344 0 128 128 3 
455 353.503 0 -1 8.72613 0 128 128 2 
837 538.268 0 -1 6.26661 0 128 128 0 
1005 571.747 0 -1 8.72079 0 128 128 2 
473 703.935 0 -1 4.01624 0 128 128 2 
3
290.5 686.5 -1 1 1.5 0 100 100 0 1 
1100.5 556.5 1 1 1.5 0 100 100 1 1 
458.5 659.5 1 -1 1.5 0 100 100 1 1 
0
